
loss=0.07331634312868118
accuracy=0.9782000184059143
runtime=14.317721605300903
loss=0.0730612725019455
accuracy=0.9765999913215637
runtime=16.598963737487793